7377,7462
7633,7825
7838,7969
7377,8108
8649,8738
8919,9122
9136,9268
8649,9567
10036,10124
10272,10513
10526,10742
10036,10844
11444,11540
11717,11941
11954,12084
11444,12283
12860,12969
13134,13349
13362,13546
12860,13671
14062,14224
14422,14635
14648,14792
14062,15042
15355,15528
15696,15889
15903,16110
15355,16260
16985,17113
17256,17478
17569,17750
16985,17872
18193,18346
18528,18776
18788,18954
18193,19054
19696,19807
19972,20180
20193,20317
19696,20585
20799,20944
21116,21319
21331,21439
20799,21762
22525,22656
22807,23012
23025,23137
22525,23287
24120,24227
24379,24597
24610,24784
24120,25084
25360,25512
25743,25950
25963,26137
25360,26289
26449,26589
26852,27050
27063,27330
26449,27500
27882,27962
28146,28366
27882,28466
28948,29076
29294,29511
29524,29655
28948,29805
30395,30504
30676,30893
30905,31048
30395,31170
31736,31843
32073,32316
32424,32541
31736,32691
33341,33452
33620,33845
33862,33963
33341,34167
34815,34963
35145,35391
35404,35540
34815,35659
36413,36493
36705,36921
36934,37087
36413,37287
37673,37768
37932,38169
38182,38340
37673,38548
38916,39029
39236,39456
39468,39605
38916,39755
40506,40631
40764,41013
41146,41224
40506,41398
41926,42029
42184,42393
42405,42546
41926,42796
43276,43360
43498,43704
43716,43870
43276,43970
44388,44540
44708,44926
44388,45076
45977,46087
46244,46477
46490,46688
45977,46943
47452,47556
47719,47943
47956,48060
47452,48210
48475,48625
48761,48967
48475,49067
50040,50130
50351,50576
50590,50809
50040,50909
53431,53528
53688,53880
53897,54073
53431,54273
54522,54648
54859,55095
55201,55351
54522,55480
55645,55745
55920,56134
56148,56289
55645,56389
56885,56993
57223,57441
57453,57578
56885,57828
58385,58493
58671,58904
58943,59058
58385,59208
59756,59844
60013,60243
60254,60370
59756,60520
61304,61422
61635,61898
62025,62145
61304,62295
62747,62853
62994,63207
63219,63337
62747,63537
64175,64292
64491,64693
64705,64825
64175,65125
65424,65572
65769,66002
66015,66173
65424,66323
66843,66952
67102,67311
67323,67522
66843,67681
68198,68378
68601,68817
68830,68956
68198,69206
69569,69722
69907,70122
70286,70449
69569,70599
71241,71346
71528,71746
71758,71887
71241,72087
72565,72667
72828,73126
73235,73403
72565,73499
73546,73659
73880,74092
74104,74253
73546,74397
74602,74756
74915,75149
75162,75333
74602,75533
76158,76250
76404,76626
76637,76768
76158,76964
77606,77711
77875,78118
78131,78286
77606,78408
78715,78883
79056,79314
79326,79476
78715,79773
80321,80420
80576,80814
80827,80980
80321,81126
82136,82253
82424,82623
82636,82773
82136,82873
83427,83545
83754,84069
83427,84219
84855,84940
85096,85311
85325,85458
84855,85608
86297,86381
86571,86796
86808,86930
86297,87274
87617,87715
88000,88407
88418,88575
87617,88721
89003,89142
89315,89537
89552,89712
89003,89812
90440,90565
90700,90917
90928,91041
90440,91191
91856,91956
92150,92361
92375,92490
91856,92770
93370,93493
93657,93843
93855,93981
93370,94125
94812,94927
95086,95286
95423,95562
94812,95662
96180,96259
96500,96723
96882,97002
96180,97152
98885,98984
99143,99359
99373,99519
98885,99669
100000,100109
100311,100535
100548,100952
100000,101052
101525,101647
101796,102004
102016,102159
101525,102359
102634,102752
102916,103139
103154,103288
102634,103562
103771,103921
104114,104367
103771,104511
105481,105603
105812,106054
105481,106404
107603,107710
107894,108098
108232,108362
107603,108512
108915,109023
109216,109429
109576,109717
108915,109867
110494,110598
110789,111040
111161,111374
110494,111501
112214,112356
112537,112766
112904,113061
112214,113211
113682,113799
114026,114225
114240,114400
113682,114550
115332,115441
115661,115900
115914,116228
115332,116374
117119,117232
117395,117611
117782,117897
117119,118047
118770,118870
119085,119317
119351,119599
118770,119699
120249,120343
120543,120739
120754,120885
120249,121149
121529,121622
121795,122031
122157,122297
121529,122397
123052,123141
123330,123557
123570,123689
123052,123833
124297,124420
124624,124883
125021,125111
124297,125111
125896,126003
126232,126505
126633,126765
125896,126865
127399,127522
127686,127939
127399,128139
129404,129533
129768,130047
130063,130208
129404,130363
130720,130865
131085,131360
130720,131510
132224,132311
132504,132725
132779,132920
132224,133120
133647,133765
133962,134169
134181,134321
133647,134521
134867,135023
135214,135442
135455,135772
134867,135917
136327,136433
136645,136869
136906,137167
136327,137317
137935,138047
138233,138445
138457,138628
137935,138775
139350,139465
139771,140071
139350,140171
141044,141186
141480,141672
141687,141842
141044,142042
142480,142594
142770,143037
143050,143188
142480,143338
143779,143876
144048,144286
143779,144422
144952,145080
145344,145577
145715,145905
144952,146055
148650,148737
148960,149205
149222,149357
148650,149488
149787,149953
150128,150363
150376,150484
149787,150830
151139,151244
151409,151634
151647,152030
151139,152131
152496,152602
152851,153113
153124,153378
152496,153528
154050,154169
154425,154611
154625,154745
154050,154895
155352,155468
155636,155893
155352,156223
157175,157291
157456,157685
157697,157880
157175,158030
158582,158700
158857,159098
159112,159306
158582,159501
160091,160212
160414,160632
160645,160845
160091,160995
161455,161579
161845,162220
161455,162470
162864,162991
163199,163460
163479,163778
162864,163928
164735,164857
165068,165321
165335,165480
164735,165630
166550,166658
166843,167099
167111,167206
166550,167407
168023,168119
168386,168553
168645,168801
168023,168917
169467,169559
169764,170006
170019,170168
169467,170419
170886,171005
171161,171417
171583,171746
170886,171879
172317,172410
172593,172879
172893,173051
172317,173286
173865,173999
174188,174454
173865,174638
174942,175060
175300,175535
175547,175716
174942,175852
176284,176393
176611,176847
177011,177146
176284,177303
178153,178272
178460,178688
178770,178901
178153,179062
179760,179859
180066,180305
180322,180560
179760,180704
181302,181407
181659,181874
181964,182092
181302,182247
182424,182555
182714,182948
182960,183146
182424,183353
183752,183837
184039,184256
184272,184397
183752,184735
185164,185278
185471,185736
185749,185902
185164,186063
186518,186634
186863,187080
187095,187214
186518,187338
187825,187928
188125,188346
188361,188684
187825,188828
189252,189385
189699,189922
189936,190143
189252,190373
190866,190988
191165,191443
191459,191644
190866,191779
192521,192641
192791,193034
192521,193134
193920,194020
194172,194442
194454,194705
193920,194897
196747,196872
197042,197317
196747,197524
198241,198356
198513,198754
198766,199025
198241,199201
199580,199676
199886,200121
200140,200295
199580,200578
200972,201092
201298,201557
200972,201707
202333,202438
202607,202859
202875,203047
202333,203197
203601,203711
203925,204167
204182,204407
203601,204552
205505,205632
205860,206102
206116,206247
205505,206409
206926,207033
207238,207471
207614,207743
206926,207947
208399,208495
208746,208928
208941,209095
208399,209274
209779,209893
210085,210335
210348,210498
209779,210641
211167,211281
211428,211694
211709,211849
211167,212022
212810,212941
213111,213348
212810,213548
214453,214577
214739,215032
215047,215156
214453,215346
215882,215977
216170,216421
216435,216626
215882,216784
217449,217575
217798,217988
218019,218167
217449,218425
218987,219089
219340,219582
219596,219749
218987,219929
220504,220618
220821,221071
220504,221277
221986,222090
222386,222706
221986,222901
223357,223485
223671,223929
223357,224292
224843,224954
225208,225439
225452,225591
224843,225856
226724,226836
227069,227391
226724,227640
228300,228398
228586,228821
228836,228964
228300,229162
229525,229625
229843,230087
230111,230298
229525,230461
230677,230805
230953,231215
231228,231546
230677,231685
232171,232258
232464,232705
232725,232870
232171,233033
233223,233384
233602,233818
233830,233949
233223,234264
234494,234611
234810,235019
235031,235140
234494,235235
235984,236109
236337,236566
236746,236862
235984,237011
237641,237780
238091,238424
237641,238594
238865,239025
239203,239410
239426,239638
238865,239802
240347,240469
240647,240885
240995,241096
240347,241214
241766,241886
242142,242376
242390,242560
241766,242731
245252,245369
245548,245769
245794,246037
245252,246378
247023,247129
247400,247667
247682,247853
247023,248040
248380,248480
248713,248945
248967,249086
248380,249280
249714,249828
249988,250228
250242,250514
249714,250644
251160,251284
251452,251680
251160,251927
252516,252639
252812,253032
253044,253176
252516,253290
254039,254135
254391,254601
254616,254946
254039,255106
255360,255513
255758,255989
256002,256189
255360,256369
257041,257143
257353,257565
257745,257903
257041,258082
258561,258675
258830,259087
259235,259341
258561,259500
260226,260334
260506,260727
260766,260928
260226,261085
261950,262073
262305,262571
262586,262715
261950,262919
263357,263534
263728,263968
263982,264120
263357,264275
264970,265087
265301,265518
265533,265732
264970,265961
266803,266897
267105,267337
267350,267574
266803,267779
268238,268336
268528,268719
268735,268898
268238,269063
269858,269984
270180,270392
270511,270691
269858,270861
271184,271357
271593,271816
271833,272007
271184,272347
272659,272740
272956,273187
273201,273330
272659,273500
274054,274170
274353,274591
274605,274890
274054,275033
275501,275652
275902,276117
276132,276305
275501,276467
277139,277244
277502,277722
277738,278130
277139,278279
278669,278788
279022,279257
279269,279416
278669,279531
279931,280033
280256,280467
280499,280637
279931,280839
281317,281415
281600,281869
281887,282280
281317,282406
282923,283035
283282,283508
283522,283680
282923,283905
284394,284495
284631,284872
284887,285005
284394,285160
285877,286001
286199,286494
285877,286708
287429,287535
287922,288246
287429,288400
288906,289028
289303,289531
289543,289678
288906,289805
290351,290470
290649,290846
290351,290987
291897,291971
292296,292515
292529,292776
291897,292961