8661,8739
9016,9197
9207,9335
8661,9487
10006,10088
10410,10560
10586,10757
10006,11226
11444,11519
11751,11936
11986,12091
11444,12376
12610,12688
12956,13149
13172,13280
12610,13475
13889,13963
14196,14393
14419,14553
13889,14675
15703,15784
16036,16277
16448,16558
15703,16706
17029,17104
17350,17544
17577,17747
17029,18057
18541,18626
18841,19038
19070,19294
18541,19306
20476,20563
20774,20958
21003,21152
20476,21370
21573,21649
21928,22125
22134,22264
21573,22748
23105,23188
23440,23631
23651,23840
23105,24045
24473,24561
24819,25018
25035,25160
24473,25184
26167,26244
26409,26590
26612,26740
26167,27062
27720,27793
28014,28192
28276,28386
27720,28750
29165,29238
29484,29677
29703,29836
29165,30009
30372,30446
30637,30808
30903,31013
30372,31348
31608,31687
31972,32168
32199,32369
31608,32252
32835,32912
33125,33315
33381,33516
32835,33683
34245,34323
34477,34672
34698,34812
34245,34979
35446,35526
35788,35960
35992,36113
35446,36270
36703,36782
37048,37246
37262,37475
36703,37795
38307,38391
38612,38817
38872,38993
38307,39170
39548,39632
39838,40046
40075,40198
39548,40440
41081,41180
41497,41685
41720,42038
41081,42150
42683,42752
42994,43146
43171,43273
42683,43407
43697,43773
43977,44171
44198,44286
43697,44556
46936,47022
47249,47439
47470,47615
46936,47746
48296,48381
48688,48860
48885,49056
48296,49163
49771,49863
50089,50289
50337,50465
49771,50724
51111,51195
51391,51591
51611,51763
51111,51623
52436,52528
52774,52958
52974,53139
52436,53253
54222,54321
54572,54803
54854,54983
54222,55188
55660,55750
55961,56211
56248,56475
55660,56677
57195,57281
57628,57841
57195,58003
59236,59402
59663,59855
59935,60123
59236,60481
60731,60809
61059,61240
61287,61447
60731,61621
62407,62481
62715,62902
62948,63114
62407,62972
63738,63824
64008,64219
63738,64714
65224,65300
65487,65669
65699,65822
65224,66025
67044,67130
67318,67521
67570,67884
67044,68132
68607,68712
68898,69120
69139,69294
68607,69587
70313,70403
70594,70799
70836,70924
70313,71171
71890,71974
72165,72378
72564,72665
71890,72655
73232,73330
73539,73754
73797,73915
73232,74393
74849,74941
75175,75365
75402,75551
74849,75907
76024,76107
76368,76558
76604,76732
76024,76746
77393,77478
77741,77893
77999,78139
77393,77924
79081,79188
79423,79628
79081,80182
80587,80714
80985,81161
81244,81406
80587,81408
82063,82151
82371,82576
82593,82688
82063,82989
83394,83469
83717,83895
83952,84075
83394,84241
84648,84731
84924,85113
85142,85275
84648,85328
88001,88083
88320,88543
88560,88658
88001,89018
89680,89767
90004,90219
90247,90495
89680,89856
91305,91392
91628,91809
91856,91986
91305,92364
92963,93060
93325,93515
93548,93794
92963,93998
94321,94412
94680,94880
94899,95053
94321,95208
95963,96037
96346,96534
96565,96700
95963,96727
97814,97907
98105,98299
98316,98428
97814,98668
99380,99472
99739,99926
99950,100120
99380,100309
101650,101736
102045,102249
102451,102524
101650,102646
103358,103451
103673,103856
103920,104032
103358,104282
104905,105003
105285,105434
105449,105591
104905,105819
106908,106994
107221,107393
107429,107574
106908,107772
108671,108768
109034,109201
109236,109420
108671,109653
110834,110941
111151,111384
111498,111581
110834,111655
112455,112540
112768,112969
113084,113189
112455,113493
113891,113981
114220,114450
114642,114763
113891,114673
115406,115492
115695,115878
116006,116133
115406,116232
116970,117073
117244,117462
116970,117787
118581,118676
119011,119210
119237,119432
118581,119566
119881,119988
120252,120494
119881,120622
121267,121361
121550,121779
121817,121955
121267,122193
122993,123071
123368,123560
123674,123823
122993,123867
124705,124817
125078,125287
125315,125430
124705,125580
125947,126021
126262,126469
125947,126482
127441,127564
127845,128065
127441,128371
128792,128886
129098,129314
129339,129480
128792,129528
133764,133823
134023,134250
134295,134445
133764,134399
135272,135357
135586,135798
135841,135951
135272,136349
136949,137048
137236,137428
136949,137850
138300,138410
138589,138803
138835,138972
138300,138959
142751,142845
143065,143278
143291,143446
142571,143314
144106,144320
144510,144641
144659,144826
144106,145239
145729,145826
146149,146443
146461,146627
145729,146799
147869,147964
148195,148445
148473,148591
147869,148618
149143,149230
149449,149642
149711,149832
149143,149799
150871,150971
151165,151348
151382,151512
150871,151769
152274,152372
152558,152803
152830,152941
152274,153304
154090,154194
154448,154665
154682,154862
154090,155059
156029,156107
156330,156544
156569,156743
156029,156968
157666,157767
158001,158204
157666,158604
159067,159176
159435,159605
159627,159734
159067,159869
160499,160589
160838,161025
161066,161236
160499,161476
161913,161996
162187,162388
162415,162522
161913,162832
163340,163445
163653,163905
163934,164096
163340,164266
164895,164979
165169,165349
165376,165530
164895,165737
166112,166214
166425,166660
166700,166829
166112,167062
167915,168013
168538,168692
167915,168913
169565,169650
169883,170086
170216,170334
169565,170216
171050,171125
171377,171538
171565,171691
171050,171854
172360,172461
172705,172921
173074,173197
172360,173419
173676,173780
174024,174231
174252,174387
173676,174380
177195,177275
177555,177757
177777,177912
177195,178027
178772,178862
179120,179319
179338,179543
178772,179665
180274,180372
180591,180822
180835,180953
180274,181098
181654,181743
182020,182226
182256,182347
181654,182640
183126,183232
183486,183692
183126,183996
185092,185203
185504,185699
185718,185846
185092,186157
186561,186664
186945,187129
187147,187299
186561,187393
187986,188053
188317,188509
188613,188735
187986,188970
190284,190364
190810,191011
190284,191442
191805,191899
192095,192288
192304,192444
191805,192561
193515,193615
193847,194042
194091,194348
193515,194577
195015,195110
195333,195569
195594,195712
195015,195941
196623,196732
196913,197412
197172,197334
196623,197158
198691,198785
198989,199229
199253,199459
198691,199868
200197,200283
200498,200693
200708,200857
200197,200991
201610,201705
201958,202172
201610,202837
203195,203302
203505,203729
203755,203866
203195,204146
204575,204675
204873,205078
205256,205399
204575,205368
206275,206376
206591,206804
206822,206969
206275,207199
207586,207689
207902,208120
208139,208385
207586,207983
209214,209308
209573,209767
209786,209933
209214,210402
211103,211194
211447,211690
211821,211966
211103,211922
212645,212743
212995,213182
212645,213041
214206,214290
214540,214747
214761,214897
214206,215055
215638,215726
215969,216191
216213,216344
215638,216469
217028,217120
217317,217525
217565,217674
217028,217722